623423
398119
445044
397032
17972
205338
398069
185421
117343
117344
286183
170658
182367
118160
118162
203583
212706
227346
247087
263271
395610
405274
405275
405276
405277
405278
572654
602666
602668
608815
264987
26740
416351
59871
59872
325881
560258
353308
436501
436502
216148
331726
176573
176574
258363
258364
58694
96727
119218
119272
119273
176605
234899
398066
397081
363722
108834
132328
96711
96712
96714
96715
96716
96718
96719
96720
96721
96723
96724
96725
96726
96728
96731
503653
330647
119274
397161
132332
74945
258352
258355
258357
258358
258359
74922
331947
445043
259773
326636
332197
332198
332200
332201
332204
332205
467524
331948
59912
59913
59914
343610
213962
579255
306729
569770
569773
361623
430067
58497
331806
392095
116161
490851
3109
347717
458509
92633
92635
92636
133680
133681
133682
361573
592399
493898
554441
96722
330556
361591
361592
539991
32904
176571
495706
581014
343606
343608
343609
326076
144803
331944
155573
175650
611437
363470
363480
461777
244064
155574
461781
265608
177212
182384
182385
259004
259005
59571
176576
87946
33571
8821
502854
611254
455634
455648
304069
149096
400067
279980
584790
401432
401434
605283
605284
331945
365869
100913
474426
156508
436774
320897
142558
361605
361606
361607
361608
361609
502663
466203
184218
332654
405273
96709
343602
87720
509910
417698
117355
94855
299568
92667
68527
479348
175902
464192
90411
411598
411599
450300
456933
552331
461776
59878
368427
149095
158221
391790
59900
59902
59903
59904
59905
59908
372488
361619
164808
19008
19011
533069
502419
90417
216144
100915
65085
11323
503310
401440
186992
598640
437309
437312
31446
397166
397167
170640
363016
397162
133257
471624
361617
361618
164809
332064
361603
361604
401506
611255
332065
369604
316541
176607
564827
564828
115545
148616
608399
608400
415082
531282
361628
405734
564823
564824
564825
539970
455649
7631
361503
111687
258609
59861
234363
361616
530695
361495
64252
361614
361615
115543
224142
332650
397170
397171
328584
360464
415054
19006
19007
47608
304155
439799
439802
439807
155575
429935
380417
589534
589535
589536
364213
279610
279611
601753
155819
155820
397168
568003
150227
126097
397164
395192
26726
26728
361953
68526
19009
19010
187203
132888
197174
217554
281275
120987
258607
258608
164817
114035
127074
325670
281264
281265
281266
281267
281268
281269
281270
281271
281272
281273
281274
395830
361627
31656
95254
540854
429422
155818
564830
428379
184031
397169
397195
164816
133254
133255
326642
539988
409386
585165
175470
70132
267212
145895
332348
9872
259763
259764
259770
70133
331311
331314
327851
374915
385372
401341
401342
142402
584787
149219
74930
258610
258611
117191
597910
363719
217516
564832
320012
464188
464190
434953
307060
267211
224139
442067
439798
401343
326637
326638
506299
420439
420440
225428
112769
326640
326641
434955
304073
23334
87722
206008
96707
429421
417699
361500
332099
119276
479305
397172
319021
319022
539992
506065
119271
561326
258612
150129
560248
309369
531779
561023
286612
155816
407581
407597
407598
407600
139223
159019
434858
392168
267217
40621
332104
258343
326639
281262
281263
150258
150259
133699
361493
584789
564831
471623
361567
361568
361571
361572
168337
168338
168339
128097
331277
516577
516579
40101
187407
321182
258603
150124
249540
65444
65446
91431
108644
217838
220078
220079
220097
220107
220116
221466
226969
226970
232703
232705
232716
232717
232718
232728
232732
232733
232734
232736
263273
263276
263278
263280
263286
301964
382227
402955
402956
402957
457010
461198
465817
465818
479223
479225
503973
512899
512910
512920
538884
552553
591171
382355
155822
480757
87943
87945
330555
202942
316540
307063
385373
364181
279042
382352
531281
91234
564725
564726
14260
23382
87130
116160
297442
297445
304115
304118
306312
306313
325714
419715
428045
512812
517315
520670
520673
520675
524680
601255
133483
332638
216033
448949
448950
448951
429941
216119
584190
361621
361622
448947
429925
222307
40105
224143
448945
397163
382350
448944
382349
361494
304551
30894
30897
117193
283182
133482
415051
479994
369708
369727
175190
65251
327543
288260
288261
288262
288264
288265
326643
113470
113472
258362
429927
608403
592197
149376
589333
208994
250210
31803
187421
116577
177960
546125
546164
147621
429929
361499
382347
361498
619481
576734
234519
517520
216422
74095
176453
180969
369718
344887
467523
222300
320011
584788
155821
215709
369297
176962
33548
380495
361464
32581
448953
271096
155845
361593
448457
479889
259768
489563
220642
345033
564711
110409
31807
35051
203332
415045
108006
589332
87660
87661
215765
248448
520572
417695
417696
417697
448456
68519
68529
68540
619479
216423
164811
164812
164813
327881
420438
395046
325675
58546
564712
164789
30906
24027
205713
67969
429080
429081
364210
33550
74934
369164
304086
353347
372489
380409
372317
379327
379329
395501
47141
520509
12322
546571
509864
548355
429942
546572
31194
564727
564728
564729
440117
440118
450975
274160
65961
217021
520508
61366
434864
63850
508666
412706
292224
120998
318452
160406
440300
216426
313792
216031
305414
120348
120349
279589
279590
429075
429076
429077
623421
150256
150257
415053
200573
30907
430068
281248
120988
120989
23317
380416
402665
598618
95251
621403
621404
332100
343667
429646
95169
430191
361626
350756
350758
380413
308499
308500
91377
563595
563596
380414
382354
53371
479506
479508
479509
479510
479511
479512
479514
479515
479516
479518
215766
450200
502610
317948
380503
380504
305420
430206
164543
164544
164545
164814
304144
101263
354335
326645
401310
142872
430070
430076
21155
374755
519175
222314
369730
369731
87080
36684
369117
330572
361613
340586
23316
282871
366347
216034
430204
564730
506303
541400
430203
187282
225894
225897
317949
430200
328346
345146
401344
401345
401348
401349
502892
32869
430192
520510
132261
382224
519174
453975
564789
150260
345029
571788
31657
495359
412724
374756
607530
345072
216331
361564
495362
176941
186439
177955
177958
118972
120990
121087
540846
31806
217488
559483
38565
112159
112161
361466
150226
187422
412725
430213
113078
113082
374754
361475
187317
332526
356508
356510
356516
382348
473462
276745
58470
448952
430199
401346
164810
317951
216350
290280
317950
120996
448948
430212
304528
462320
361513
345056
31805
430196
430197
430198
361496
361497
216332
430077
429165
332093
31203
215719
31798
305415
217474
447893
332527
374749
374753
330565
326670
317952
282863
287526
175911
479349
120991
374748
415047
370083
365847
31804
176946
217489
584791
111869
532197
405762
176943
304548
370151
370152
370154
42867
42868
435902
32890
290567
187318
449777
32891
258339
380510
502851
345030
511947
81620
29365
364209
509544
448954
564706
87070
436398
120999
502948
120345
120350
319026
279599
430078
448955
448956
448957
576766
216029
372316
120992
40623
229951
576767
412940
319025
382996
434867
436330
331108
