448951
448953
448950
448947
448945
448949
448944
369297
448957
448955
448954
448956
448952
448876
448948
448873
448870
208282
369019
208286
208283
369271
208287
35051
208289
115545
422799
450202
450204
442740
208285
304131
286074
211130
44533
500111
450203
94671
369009
44534
449828
442067
44532
601608
601609
397195
151654
369117
304135
33710
450206
566654
96790
368871
566653
208290
447893
36471
36470
44535
511743
442738
621198
295067
28409
35893
96791
115543
511969
223887
340603
295070
492684
601385
382352
503705
512175
44545
403561
115902
511947
18760
447680
295068
303737
522448
403560
69783
187360
566657
197627
178561
512178
281566
450209
606195
95267
512183
496051
496056
