73360
601609
446295
601502
425749
537379
284634
620201
20876
20884
537378
223904
522449
62265
601525
284632
438631
69607
572098
418790
522453
96072
601521
620219
601505
522749
522448
263015
69637
418798
73773
187346
377119
187348
73363
418447
456731
96071
601509
66036
468682
187360
438632
369271
498215
187213
61402
418786
19250
594478
418804
517606
601608
498221
45420
187239
187347
20888
498214
601524
302329
418780
601530
418791
69642
388236
62252
418783
558725
283785
45424
498202
262804
498226
498219
528965
498205
498225
160302
418801
547450
355488
185253
438960
601580
45416
418468
601529
187354
7935
422832
373545
418802
187230
572389
128697
96064
96068
116968
440593
69643
355489
5637
522450
211847
498212
446297
62323
498220
238526
620200
347018
62324
7940
45415
69840
418789
185257
498207
418779
403564
459314
62325
601575
187214
337547
204018
418797
498223
418796
373403
418800
45423
498217
572405
583899
96065
498200
418788
69633
498208
62277
96063
572096
268973
438965
440594
373358
62321
187345
511719
498213
8925
407400
142154
511716
185174
572088
150459
498224
238523
187352
215340
398409
62326
20877
187228
403578
185170
185175
418795
462910
33710
244941
111267
74721
524952
615470
418781
576398
481296
485185
62327
440592
537402
508701
418794
243444
153587
498206
243443
508685
522452
214152
238521
615479
160067
418782
215179
418440
62283
259233
418723
128700
256285
600550
399836
47725
319745
595588
482328
520549
96067
283784
238218
185165
621210
42618
505530
438959
74723
132348
224112
153596
185164
517483
224028
507948
96069
221555
361581
143777
583639
612142
415542
277906
459316
511715
238529
601581
71641
215339
418465
304160
245187
185167
571654
610816
459311
69842
515701
20260
602454
268972
600551
407401
494542
5638
153588
143774
498204
418787
69849
262054
466600
262056
153589
416851
507818
518804
238527
418792
615476
187351
416660
100243
615471
418784
615481
440608
511717
286349
371926
583635
517613
10561
498230
107778
508686
245183
410477
187568
319743
459312
485186
418803
440618
337935
224111
355850
73359
440083
433873
498210
615485
8928
268852
266211
522456
185172
268970
418446
208640
616121
66037
7927
143890
8927
259151
491234
594967
143772
498227
187353
550366
440603
369019
506192
268853
418793
498222
132577
494529
96070
204016
264313
93333
62328
417407
439495
248033
414912
68807
1416
523921
268971
96066
445404
355491
528913
335729
245185
615482
469421
418724
602438
72271
69843
440613
443238
440666
200659
617978
609869
620225
494537
224109
242412
191509
600776
240590
278951
153584
517481
432787
33750
583636
621208
508714
418438
615477
571796
485258
246876
190475
466373
511721
10540
260916
240593
522451
543043
616006
417282
8926
187593
174953
295115
208828
87974
45422
69646
498211
543041
387081
587002
390546
508684
388244
440611
1899
571076
284628
268202
505528
503426
256287
100244
225481
418743
380496
508738
354052
494540
403561
572421
379507
418433
69660
19253
214968
187350
19252
211687
361602
229228
571071
371798
414215
494534
278952
543040
143776
393374
562358
492594
418785
609854
400578
583644
289155
187211
225446
104001
333988
68806
537403
188079
23523
122741
69659
333990
190472
603123
438961
154268
100154
289158
1407
403684
449938
602456
603105
547111
440617
238531
264311
190474
93334
438954
550421
39744
350426
101015
614456
418828
61977
355243
238525
387995
573980
69839
150413
76745
500778
537810
597670
494530
466933
369384
