447893
156321
304100
208904
503139
185940
207896
431765
243329
304103
441150
18830
115546
154461
161244
222724
448947
470685
470686
34328
102014
156286
156294
189804
207901
208672
216119
295777
303734
374360
481067
501120
503125
529881
546573
546575
18831
18849
165086
183577
183579
304104
304131
315169
368984
377173
377422
414582
424739
460443
531257
18818
23307
69090
69690
128282
142947
183194
183578
207886
208903
215981
216144
281566
304098
305750
318386
335232
345134
369876
374358
378917
416173
436512
447694
448454
464280
470684
496249
509894
554222
575847
601385
615823
18819
21651
34331
34360
38112
38368
80218
95137
107464
112529
115850
115902
120357
135744
144303
154417
